14
Leptonychotes_weddellii   0.0000000 0.1918852 0.0310841 0.1919671 0.1951338 0.0868183 0.0685413 0.0438078 0.2045711 0.0416896 0.0445034 0.1994076 0.0389617 0.2688079 
Ursus_maritimus           0.1918852 0.0000000 0.1537030 0.1335233 0.0059958 0.1631319 0.1099880 0.1572794 0.1056438 0.1749198 0.1536868 0.0067925 0.1676846 0.2068027 
Neomonachus_schauinslandi 0.0310841 0.1537030 0.0000000 0.1402158 0.1497574 0.0770443 0.0440342 0.0403440 0.1238872 0.0350056 0.0391887 0.1528836 0.0270593 0.2064635 
Enhydra_lutris_kenyoni    0.1919671 0.1335233 0.1402158 0.0000000 0.1412644 0.1650644 0.1513476 0.1569772 0.0634002 0.1726514 0.1571925 0.1585690 0.1512528 0.0444965 
Ursus_arctos              0.1951338 0.0059958 0.1497574 0.1412644 0.0000000 0.1796582 0.1076060 0.1678511 0.1459010 0.1841940 0.1588927 0.0055415 0.1610690 0.2023519 
Zalophus_californianus    0.0868183 0.1631319 0.0770443 0.1650644 0.1796582 0.0000000 0.0074258 0.1005454 0.2138969 0.1594059 0.0943085 0.1944896 0.1035178 0.2757981 
Eumetopias_jubatus        0.0685413 0.1099880 0.0440342 0.1513476 0.1076060 0.0074258 0.0000000 0.0476172 0.1135112 0.0660695 0.0469355 0.1109577 0.0604088 0.1722143 
Phoca_vitulina            0.0438078 0.1572794 0.0403440 0.1569772 0.1678511 0.1005454 0.0476172 0.0000000 0.2203127 0.0693819 0.0017527 0.1904344 0.0494627 0.2366426 
Lontra_canadensis         0.2045711 0.1056438 0.1238872 0.0634002 0.1459010 0.2138969 0.1135112 0.2203127 0.0000000 0.1399086 0.1920661 0.1463844 0.1341864 0.0568528 
Mirounga_leonina          0.0416896 0.1749198 0.0350056 0.1726514 0.1841940 0.1594059 0.0660695 0.0693819 0.1399086 0.0000000 0.0752735 0.1823132 0.0231259 0.2530676 
Halichoerus_grypus        0.0445034 0.1536868 0.0391887 0.1571925 0.1588927 0.0943085 0.0469355 0.0017527 0.1920661 0.0752735 0.0000000 0.1815654 0.0485465 0.2291336 
Ursus_americanus          0.1994076 0.0067925 0.1528836 0.1585690 0.0055415 0.1944896 0.1109577 0.1904344 0.1463844 0.1823132 0.1815654 0.0000000 0.1607259 0.1992227 
Mirounga_angustirostris   0.0389617 0.1676846 0.0270593 0.1512528 0.1610690 0.1035178 0.0604088 0.0494627 0.1341864 0.0231259 0.0485465 0.1607259 0.0000000 0.2132034 
Lutra_lutra               0.2688079 0.2068027 0.2064635 0.0444965 0.2023519 0.2757981 0.1722143 0.2366426 0.0568528 0.2530676 0.2291336 0.1992227 0.2132034 0.0000000 
